3081
2806
1804
6430
144
3055
5509
1223
2160
9640
95
2809
243
4788
4124
497
398
9866
7376
6542
1972
3902
1814
5289
1645
6894
3139
2366
954
4847
2203
6618
3772
8714
5532
5123
2596
7824
307
1034
3156
1506
7520
8178
5683
2105
1505
1593
1896
8723
8512
4408
7411
1098
9378
2225
8608
5731
6901
2218
8228
5126
1821
8694
9883
704
3700
3623
5944
736
9075
4929
8417
3556
6850
839
6840
8510
9110
1384
3489
485
2874
204
9003
4954
3560
5334
2332
3076
8731
4666
6055
4187
169
9497
9068
2398
8703
4529
3031
5662
8891
4677
1184
6173
3597
241
4736
6906
1391
3898
5892
3159
5906
6190
8220
953
6694
3024
7561
2429
7035
911
8839
260
2675
8037
276
8975
9489
7262
272
8452
9161
6940
4977
60
8485
4587
2144
6659
5160
1921
6260
2772
6224
253
1396
2568
744
3841
5603
2457
4832
2024
1000
6553
8268
7487
3564
8046
993
180
9074
8511
3999
8071
8063
2975
8280
5173
763
6895
8222
9242
9902
3857
2327
8397
4948
5118
4817
9151
7673
6688
6842
90
5747
9542
9157
4083
1301
7297
8305
616
7879
1341
8911
2022
2801
2271
2582
9828
3110
6415
6569
3022
7211
2156
8443
7020
751
1222
816
6649
3832
4251
8385
4301
6140
2399
9788
8040
2937
2837
8726
5678
9312
177
4678
8472
8686
3149
2064
6801
1196
6493
3279
8409
8540
1770
7859
7640
2284
1075
9314
4959
3017
3916
6616
4001
7323
196
7216
7639
5991
8987
9023
6317
9820
357
6491
8281
1940
5061
7740
5328
1639
4440
2146
9433
9310
3600
3430
9598
3407
434
3184
3891
3422
9077
7980
2183
926
782
3593
4151
8341
3521
1150
5997
8426
2386
9558
5147
4174
3912
315
7416
5767
985
8588
1327
3800
7361
5101
4494
4468
1563
1546
8395
1919
3904
3217
9439
4569
2234
284
9108
9070
4139
8761
7002
4380
2747
6262
614
3842
5518
9313
876
3963
6368
634
1017
6094
5938
9085
789
448
9841
3785
6999
2073
2939
7213
1609
2320
3197
9539
9693
3140
9677
4778
3109
834
3715
4684
1207
1474
2273
5356
405
8120
9059
9398
2277
3502
1901
5337
9317
7825
8232
237
9874
1838
9253
8253
9408
2554
8123
8757
1776
4983
2452
4333
1866
3307
5396
9861
894
6532
6844
1044
4975
265
5273
5490
6293
9656
9956
7319
7695
3082
4584
4298
9953
3319
1235
823
3907
2972
1328
328
5813
8432
1877
7929
1228
7931
4632
3952
4084
537
3998
3009
9578
8628
5827
1785
4377
7514
9984
9559
1322
56
8518
8011
1053
3994
5566
836
6363
6456
1870
1532
6193
4385
1
2841
1856
3529
1039
4233
9644
7884
3641
6129
7363
6339
9881
8678
4522
5435
6928
9430
3840
6563
5939
6869
3315
1190
2116
3557
1036
2887
9399
290
9340
6523
7066
7508
9606
3112
7720
7981
5590
6577
7006
430
4586
5416
8210
8090
7576
6202
5235
8689
2432
